
running 1 test
test fiber::canvas3d::tests::test_normals ... ok

successes:

---- fiber::canvas3d::tests::test_normals stdout ----
VERTICES
[Vec3A(-10.0, -10.0, -0.29505038), Vec3A(-10.0, -7.7777777, -1.8361695), Vec3A(-10.0, -5.5555553, -0.17396986), Vec3A(-10.0, -3.333333, -0.64850384), Vec3A(-10.0, -1.1111107, -1.7352636), Vec3A(-10.0, 1.1111116, 0.05712092), Vec3A(-10.0, 3.333334, -1.0296401), Vec3A(-10.0, 5.5555563, -1.5041726), Vec3A(-10.0, 7.7777786, 0.15802646), Vec3A(-10.0, 10.0, -1.3830926), Vec3A(-7.7777777, -10.0, 0.62015134), Vec3A(-7.7777777, -7.7777777, -0.9209677), Vec3A(-7.7777777, -5.5555553, 0.74123186), Vec3A(-7.7777777, -3.333333, 0.26669788), Vec3A(-7.7777777, -1.1111107, -0.8200618), Vec3A(-7.7777777, 1.1111116, 0.97232264), Vec3A(-7.7777777, 3.333334, -0.11443835), Vec3A(-7.7777777, 5.5555563, -0.5889708), Vec3A(-7.7777777, 7.7777786, 1.0732282), Vec3A(-7.7777777, 10.0, -0.4678909), Vec3A(-5.5555553, -10.0, 1.2907739), Vec3A(-5.5555553, -7.7777777, -0.2503451), Vec3A(-5.5555553, -5.5555553, 1.4118545), Vec3A(-5.5555553, -3.333333, 0.9373205), Vec3A(-5.5555553, -1.1111107, -0.14943922), Vec3A(-5.5555553, 1.1111116, 1.6429453), Vec3A(-5.5555553, 3.333334, 0.55618423), Vec3A(-5.5555553, 5.5555563, 0.08165181), Vec3A(-5.5555553, 7.7777786, 1.7438507), Vec3A(-5.5555553, 10.0, 0.20273167), Vec3A(-3.333333, -10.0, -0.43765295), Vec3A(-3.333333, -7.7777777, -1.9787719), Vec3A(-3.333333, -5.5555553, -0.31657243), Vec3A(-3.333333, -3.333333, -0.7911064), Vec3A(-3.333333, -1.1111107, -1.877866), Vec3A(-3.333333, 1.1111116, -0.08548164), Vec3A(-3.333333, 3.333334, -1.1722426), Vec3A(-3.333333, 5.5555563, -1.646775), Vec3A(-3.333333, 7.7777786, 0.015423894), Vec3A(-3.333333, 10.0, -1.5256952), Vec3A(-1.1111107, -10.0, 0.9876875), Vec3A(-1.1111107, -7.7777777, -0.5534315), Vec3A(-1.1111107, -5.5555553, 1.108768), Vec3A(-1.1111107, -3.333333, 0.6342341), Vec3A(-1.1111107, -1.1111107, -0.45252562), Vec3A(-1.1111107, 1.1111116, 1.3398588), Vec3A(-1.1111107, 3.333334, 0.25309783), Vec3A(-1.1111107, 5.5555563, -0.2214346), Vec3A(-1.1111107, 7.7777786, 1.4407644), Vec3A(-1.1111107, 10.0, -0.10035473), Vec3A(1.1111116, -10.0, 0.98768663), Vec3A(1.1111116, -7.7777777, -0.55343235), Vec3A(1.1111116, -5.5555553, 1.1087672), Vec3A(1.1111116, -3.333333, 0.6342332), Vec3A(1.1111116, -1.1111107, -0.45252648), Vec3A(1.1111116, 1.1111116, 1.3398579), Vec3A(1.1111116, 3.333334, 0.25309694), Vec3A(1.1111116, 5.5555563, -0.22143546), Vec3A(1.1111116, 7.7777786, 1.4407635), Vec3A(1.1111116, 10.0, -0.100355595), Vec3A(3.333334, -10.0, -0.43765277), Vec3A(3.333334, -7.7777777, -1.9787718), Vec3A(3.333334, -5.5555553, -0.31657225), Vec3A(3.333334, -3.333333, -0.7911062), Vec3A(3.333334, -1.1111107, -1.8778659), Vec3A(3.333334, 1.1111116, -0.085481465), Vec3A(3.333334, 3.333334, -1.1722425), Vec3A(3.333334, 5.5555563, -1.6467749), Vec3A(3.333334, 7.7777786, 0.015424073), Vec3A(3.333334, 10.0, -1.5256951), Vec3A(5.5555563, -10.0, 1.2907746), Vec3A(5.5555563, -7.7777777, -0.25034446), Vec3A(5.5555563, -5.5555553, 1.4118551), Vec3A(5.5555563, -3.333333, 0.9373211), Vec3A(5.5555563, -1.1111107, -0.14943856), Vec3A(5.5555563, 1.1111116, 1.6429459), Vec3A(5.5555563, 3.333334, 0.5561849), Vec3A(5.5555563, 5.5555563, 0.08165246), Vec3A(5.5555563, 7.7777786, 1.7438514), Vec3A(5.5555563, 10.0, 0.20273232), Vec3A(7.7777786, -10.0, 0.6201504), Vec3A(7.7777786, -7.7777777, -0.92096865), Vec3A(7.7777786, -5.5555553, 0.7412309), Vec3A(7.7777786, -3.333333, 0.26669693), Vec3A(7.7777786, -1.1111107, -0.82006276), Vec3A(7.7777786, 1.1111116, 0.9723217), Vec3A(7.7777786, 3.333334, -0.1144393), Vec3A(7.7777786, 5.5555563, -0.58897173), Vec3A(7.7777786, 7.7777786, 1.0732273), Vec3A(7.7777786, 10.0, -0.46789184), Vec3A(10.0, -10.0, -0.29505038), Vec3A(10.0, -7.7777777, -1.8361695), Vec3A(10.0, -5.5555553, -0.17396986), Vec3A(10.0, -3.333333, -0.64850384), Vec3A(10.0, -1.1111107, -1.7352636), Vec3A(10.0, 1.1111116, 0.05712092), Vec3A(10.0, 3.333334, -1.0296401), Vec3A(10.0, 5.5555563, -1.5041726), Vec3A(10.0, 7.7777786, 0.15802646), Vec3A(10.0, 10.0, -1.3830926)]
-----------------------------------------
INDICES
[0, 10, 1, 1, 10, 11, 1, 11, 2, 2, 11, 12, 2, 12, 3, 3, 12, 13, 3, 13, 4, 4, 13, 14, 4, 14, 5, 5, 14, 15, 5, 15, 6, 6, 15, 16, 6, 16, 7, 7, 16, 17, 7, 17, 8, 8, 17, 18, 8, 18, 9, 9, 18, 19, 10, 20, 11, 11, 20, 21, 11, 21, 12, 12, 21, 22, 12, 22, 13, 13, 22, 23, 13, 23, 14, 14, 23, 24, 14, 24, 15, 15, 24, 25, 15, 25, 16, 16, 25, 26, 16, 26, 17, 17, 26, 27, 17, 27, 18, 18, 27, 28, 18, 28, 19, 19, 28, 29, 20, 30, 21, 21, 30, 31, 21, 31, 22, 22, 31, 32, 22, 32, 23, 23, 32, 33, 23, 33, 24, 24, 33, 34, 24, 34, 25, 25, 34, 35, 25, 35, 26, 26, 35, 36, 26, 36, 27, 27, 36, 37, 27, 37, 28, 28, 37, 38, 28, 38, 29, 29, 38, 39, 30, 40, 31, 31, 40, 41, 31, 41, 32, 32, 41, 42, 32, 42, 33, 33, 42, 43, 33, 43, 34, 34, 43, 44, 34, 44, 35, 35, 44, 45, 35, 45, 36, 36, 45, 46, 36, 46, 37, 37, 46, 47, 37, 47, 38, 38, 47, 48, 38, 48, 39, 39, 48, 49, 40, 50, 41, 41, 50, 51, 41, 51, 42, 42, 51, 52, 42, 52, 43, 43, 52, 53, 43, 53, 44, 44, 53, 54, 44, 54, 45, 45, 54, 55, 45, 55, 46, 46, 55, 56, 46, 56, 47, 47, 56, 57, 47, 57, 48, 48, 57, 58, 48, 58, 49, 49, 58, 59, 50, 60, 51, 51, 60, 61, 51, 61, 52, 52, 61, 62, 52, 62, 53, 53, 62, 63, 53, 63, 54, 54, 63, 64, 54, 64, 55, 55, 64, 65, 55, 65, 56, 56, 65, 66, 56, 66, 57, 57, 66, 67, 57, 67, 58, 58, 67, 68, 58, 68, 59, 59, 68, 69, 60, 70, 61, 61, 70, 71, 61, 71, 62, 62, 71, 72, 62, 72, 63, 63, 72, 73, 63, 73, 64, 64, 73, 74, 64, 74, 65, 65, 74, 75, 65, 75, 66, 66, 75, 76, 66, 76, 67, 67, 76, 77, 67, 77, 68, 68, 77, 78, 68, 78, 69, 69, 78, 79, 70, 80, 71, 71, 80, 81, 71, 81, 72, 72, 81, 82, 72, 82, 73, 73, 82, 83, 73, 83, 74, 74, 83, 84, 74, 84, 75, 75, 84, 85, 75, 85, 76, 76, 85, 86, 76, 86, 77, 77, 86, 87, 77, 87, 78, 78, 87, 88, 78, 88, 79, 79, 88, 89, 80, 90, 81, 81, 90, 91, 81, 91, 82, 82, 91, 92, 82, 92, 83, 83, 92, 93, 83, 93, 84, 84, 93, 94, 84, 94, 85, 85, 94, 95, 85, 95, 86, 86, 95, 96, 86, 96, 87, 87, 96, 97, 87, 97, 88, 88, 97, 98, 88, 98, 89, 89, 98, 99], shape=[486], strides=[1], layout=CFcf (0xf), const ndim=1
---------------------------------
LEFT
[0, 0, 1, 2, 3, 4, 5, 6, 7, 8, 9, 10, 11, 12, 13, 14, 15, 16, 17, 18, 19, 20, 21, 22, 23, 24, 25, 26, 27, 28, 29, 30, 31, 32, 33, 34, 35, 36, 37, 38, 39, 40, 41, 42, 43, 44, 45, 46, 47, 48, 49, 50, 51, 52, 53, 54, 55, 56, 57, 58, 59, 60, 61, 62, 63, 64, 65, 66, 67, 68, 69, 70, 71, 72, 73, 74, 75, 76, 77, 78, 79, 80, 81, 82, 83, 84, 85, 86, 87, 88, 89, 90, 91, 92, 93, 94, 95, 96, 97, 98]
--------------------
RIGHT
[1, 2, 3, 4, 5, 6, 7, 8, 9, 10, 11, 12, 13, 14, 15, 16, 17, 18, 19, 20, 21, 22, 23, 24, 25, 26, 27, 28, 29, 30, 31, 32, 33, 34, 35, 36, 37, 38, 39, 40, 41, 42, 43, 44, 45, 46, 47, 48, 49, 50, 51, 52, 53, 54, 55, 56, 57, 58, 59, 60, 61, 62, 63, 64, 65, 66, 67, 68, 69, 70, 71, 72, 73, 74, 75, 76, 77, 78, 79, 80, 81, 82, 83, 84, 85, 86, 87, 88, 89, 90, 91, 92, 93, 94, 95, 96, 97, 98, 99, 99]
--------------------
UP
[0, 1, 2, 3, 4, 5, 6, 7, 8, 9, 0, 1, 2, 3, 4, 5, 6, 7, 8, 9, 10, 11, 12, 13, 14, 15, 16, 17, 18, 19, 20, 21, 22, 23, 24, 25, 26, 27, 28, 29, 30, 31, 32, 33, 34, 35, 36, 37, 38, 39, 40, 41, 42, 43, 44, 45, 46, 47, 48, 49, 50, 51, 52, 53, 54, 55, 56, 57, 58, 59, 60, 61, 62, 63, 64, 65, 66, 67, 68, 69, 70, 71, 72, 73, 74, 75, 76, 77, 78, 79, 80, 81, 82, 83, 84, 85, 86, 87, 88, 89]
--------------------
DOWN
[10, 11, 12, 13, 14, 15, 16, 17, 18, 19, 20, 21, 22, 23, 24, 25, 26, 27, 28, 29, 30, 31, 32, 33, 34, 35, 36, 37, 38, 39, 40, 41, 42, 43, 44, 45, 46, 47, 48, 49, 50, 51, 52, 53, 54, 55, 56, 57, 58, 59, 60, 61, 62, 63, 64, 65, 66, 67, 68, 69, 70, 71, 72, 73, 74, 75, 76, 77, 78, 79, 80, 81, 82, 83, 84, 85, 86, 87, 88, 89, 90, 91, 92, 93, 94, 95, 96, 97, 98, 99, 90, 91, 92, 93, 94, 95, 96, 97, 98, 99]
--------------------
CROSSES
[Vec3A(-2.0337818, 3.4247093, 4.938272), Vec3A(-4.0675635, -0.26906782, 9.876544), Vec3A(-4.0675635, -2.6392572, 9.876544), Vec3A(-4.0675635, 3.4695418, 9.876544), Vec3A(-4.0675635, -1.5680552, 9.876544), Vec3A(-4.0675635, -1.5680523, 9.876544), Vec3A(-4.0675635, 3.4695413, 9.876544), Vec3A(-4.0675635, -2.639259, 9.876544), Vec3A(-4.0675626, -0.2690665, 9.876542), Vec3A(16.270254, 1.0068375, -39.506176), Vec3A(28.192432, 1.4701653, -79.01235), Vec3A(-7.0481086, -0.53813565, 19.753088), Vec3A(-7.0481086, -5.278514, 19.753088), Vec3A(-7.048108, 6.939083, 19.753088), Vec3A(-7.0481086, -3.1361103, 19.753088), Vec3A(-7.0481086, -3.1361043, 19.753088), Vec3A(-7.048108, 6.939082, 19.753088), Vec3A(-7.0481086, -5.278518, 19.753088), Vec3A(-7.0481067, -0.5381329, 19.753084), Vec3A(28.192432, 2.5571845, -79.01235), Vec3A(-18.805412, -3.3175468, -79.01235), Vec3A(4.701352, -0.5381362, 19.753088), Vec3A(4.701353, -5.278514, 19.753088), Vec3A(4.701353, 6.9390836, 19.753088), Vec3A(4.701352, -3.1361105, 19.753088), Vec3A(4.701353, -3.1361043, 19.753088), Vec3A(4.701353, 6.9390826, 19.753088), Vec3A(4.701352, -5.2785177, 19.753088), Vec3A(4.7013516, -0.5381327, 19.753084), Vec3A(-18.805412, 7.3448963, -79.01235), Vec3A(-5.3882017, 9.022047, -79.01235), Vec3A(1.3470508, -0.53813565, 19.753088), Vec3A(1.3470513, -5.2785134, 19.753088), Vec3A(1.3470508, 6.939083, 19.753088), Vec3A(1.3470508, -3.1361103, 19.753088), Vec3A(1.3470513, -3.136104, 19.753088), Vec3A(1.3470508, 6.939082, 19.753088), Vec3A(1.3470508, -5.278518, 19.753088), Vec3A(1.34705, -0.5381325, 19.753084), Vec3A(-5.388203, -4.994697, -79.01235), Vec3A(25.33937, -1.1537509, -79.01235), Vec3A(-6.3348427, -0.5381354, 19.753088), Vec3A(-6.3348427, -5.278514, 19.753088), Vec3A(-6.3348427, 6.939083, 19.753088), Vec3A(-6.3348427, -3.1361098, 19.753088), Vec3A(-6.3348427, -3.1361043, 19.753088), Vec3A(-6.3348427, 6.939082, 19.753088), Vec3A(-6.3348427, -5.2785187, 19.753088), Vec3A(-6.3348417, -0.5381327, 19.753084), Vec3A(25.33937, 5.181101, -79.01235), Vec3A(-25.339384, -1.1537447, -79.01235), Vec3A(6.334846, -0.53813565, 19.753088), Vec3A(6.3348455, -5.2785134, 19.753088), Vec3A(6.334846, 6.939083, 19.753088), Vec3A(6.334846, -3.1361103, 19.753088), Vec3A(6.3348455, -3.136104, 19.753088), Vec3A(6.3348465, 6.939082, 19.753088), Vec3A(6.334846, -5.278518, 19.753088), Vec3A(6.334845, -0.5381327, 19.753084), Vec3A(-25.339386, 5.181094, -79.01235), Vec3A(5.3882303, 9.022045, -79.01235), Vec3A(-1.3470573, -0.53813565, 19.753088), Vec3A(-1.3470576, -5.278514, 19.753088), Vec3A(-1.3470576, 6.939083, 19.753088), Vec3A(-1.3470575, -3.1361103, 19.753088), Vec3A(-1.3470576, -3.136104, 19.753088), Vec3A(-1.3470576, 6.939082, 19.753088), Vec3A(-1.3470575, -5.2785187, 19.753088), Vec3A(-1.3470573, -0.5381325, 19.753084), Vec3A(5.38823, -4.994696, -79.01235), Vec3A(18.80539, -3.3175511, -79.01235), Vec3A(-4.7013474, -0.53813565, 19.753088), Vec3A(-4.7013474, -5.278514, 19.753088), Vec3A(-4.7013474, 6.939083, 19.753088), Vec3A(-4.7013474, -3.1361103, 19.753088), Vec3A(-4.7013474, -3.1361043, 19.753088), Vec3A(-4.7013483, 6.939082, 19.753088), Vec3A(-4.7013474, -5.278518, 19.753088), Vec3A(-4.7013464, -0.5381327, 19.753084), Vec3A(18.805393, 7.3449016, -79.01235), Vec3A(-28.192446, 1.4701698, -79.01234), Vec3A(7.0481114, -0.5381355, 19.753084), Vec3A(7.0481114, -5.278513, 19.753084), Vec3A(7.0481114, 6.9390817, 19.753084), Vec3A(7.0481114, -3.1361096, 19.753084), Vec3A(7.0481114, -3.1361036, 19.753084), Vec3A(7.0481114, 6.93908, 19.753084), Vec3A(7.0481114, -5.2785172, 19.753084), Vec3A(7.04811, -0.5381328, 19.75308), Vec3A(-28.192446, 2.557179, -79.01234), Vec3A(-16.270237, 1.0068371, -39.50616), Vec3A(4.0675592, -0.2690677, 9.87654), Vec3A(4.0675592, -2.639256, 9.87654), Vec3A(4.0675592, 3.4695404, 9.87654), Vec3A(4.0675592, -1.5680544, 9.87654), Vec3A(4.0675592, -1.5680517, 9.87654), Vec3A(4.0675592, 3.4695396, 9.87654), Vec3A(4.0675592, -2.639258, 9.87654), Vec3A(4.067559, -0.2690664, 9.876537), Vec3A(2.033779, 3.424708, 4.9382677)]
-------------------------


successes:
    fiber::canvas3d::tests::test_normals

test result: ok. 1 passed; 0 failed; 0 ignored; 0 measured; 3 filtered out; finished in 0.00s

